3130
7879
9254
5988
7077
2655
5047
2983
4929
4194
1854
3312
6288
3493
7002
7602
5451
8527
7816
3346
4787
8743
6986
2133
2761
3682
5232
2127
5728
4012
6818
7392
2761
2412
6383
7089
4045
9941
1292
1731
9013
2709
4601
5535
3510
6743
9543
9866
6466
5656
7909
2707
5971
3250
1440
7295
1972
3820
3386
8819
5629
8606
9700
9186
2733
8411
7798
7682
5601
2989
1316
9659
6482
6857
8825
7537
1681
3439
4328
1802
2278
2450
8587
3828
2734
4407
9758
4368
2458
2214
9015
8214
3769
1876
7446
8730
6544
4378
5924
4928
6819
1603
1009
8233
3808
6298
8783
1352
5352
4623
9423
5336
2193
1233
8060
5824
8393
6748
5724
2995
7269
3448
8789
3360
2195
4170
6176
4806
6113
9485
3310
1471
2366
5104
1043
8970
6835
1365
8240
6846
7609
6095
3668
9669
7966
1757
5161
9563
3373
1125
4028
2650
7959
4182
3807
2901
1107
1330
5339
5558
2599
5434
4502
4087
4833
3937
4681
1686
5036
9205
3499
5368
1244
8757
6126
6723
9441
1658
4291
7684
6605
9658
2346
9910
1827
4098
4715
9183
6069
1385
3028
3733
3216
4457
8560
5728
5776
4660
4842
1961
4921
9643
7278
1686
1054
9103
3458
6131
4324
9205
2624
9299
8929
4052
4218
3747
3016
9047
7545
7810
7463
8823
6696
9200
3649
1777
2266
5065
5661
4778
8605
4221
4854
8372
5889
8256
4285
5392
9164
4147
3015
3221
5167
9531
4147
7919
8465
4491
5272
9804
5828
9073
5552
1766
7814
6624
8590
4705
2421
6793
1070
8212
3961
4796
6178
2864
8763
9253
8619
3052
8628
8053
4442
9567
5904
4542
3765
6543
7351
3520
3642
8482
3912
1954
3093
4709
1828
5438
1336
1580
3850
5744
6582
6601
8838
8048
8164
4378
7019
8601
9054
5943
1238
7684
2128
2862
4336
5849
3527
6618
2732
3068
1564
4178
1786
6896
6711
4804
7385
4193
2559
5199
6511
4681
7972
9947
3514
6816
2100
1090
7474
1099
3799
3758
3646
6369
2220
4106
8977
3610
6967
6947
6588
3782
5066
7205
2947
8623
6309
4834
3285
4780
5844
1858
2299
6345
6127
5048
4644
9312
7546
1962
1778
6053
4843
2782
9923
7394
2258
1286
2178
7373
5155
7145
9116
2797
3654
5619
3916
3557
8114
1604
4976
9015
9339
1595
6378
5101
9250
9729
4326
2158
6837
8310
7924
8634
2144
9142
5969
7692
3233
9397
4567
5741
4767
8647
9451
6310
4506
3474
8340
6387
2923
4638
5175
4908
2140
2000
9510
2249
9331
8263
6490
5553
8190
6557
9875
8477
4705
2317
4232
7497
6924
3591
1733
8854
9034
7860
2206
2022
3413
9443
9499
4469
9962
9961
9296
2081
1321
1403
6107
8283
3815
4058
4122
8439
7875
8389
1626
8122
9481
4495
2071
9618
5967
4047
5274
2792
7471
7775
8414
4307
7986
3085
3419
6594
5689
9937
3749
3117
8896
3312
8505
4693
9554
3598
9372
7281
2637
8098
7867
5073
3068
7090
4862
9730
8133
4475
7313
4539
1803
8568
5937
5883
5695
1233
2510
1345
2822
9408
7444
1044
7257
1173
8718
6869
9949
8370
3940
4037
5915
1040
6119
1956
9070
3852
3875
4112
6061
5998
5931
9799
9964
2911
1508
8949
6045
7108
4288
7679
3726
3936
9632
9191
3314
6995
7449
7201
9701
8089
7846
2721
7458
7296
2037
9683
9914
2332
8644
7211
4192
4077
5223
7884
8658
6683
5737
9786
8962
3708
1505
3375
8693
5074
3931
7093
6712
3272
3024
5738
9416
2906
8857
7614
1564
5161
4616
3305
6315
4270
2671
7568
5473
6697
5803
2852
9984
6341
1545
2092
9808
3124
5977
4535
8735
6394
7760
1943
1764
1761
8450
8482
1160
1439
5413
9036
8162
1869
8248
1937
3448
6963
7657
6172
3918
9824
2470
7458
6662
6324
7596
1501
5677
3020
3034
6975
2775
3517
2480
2984
7260
9838
1331
6828
5830
6570
5044
3370
8528
1436
7966
1967
9629
3577
5298
6983
4717
4782
7196
6442
9663
1079
6485
5967
1267
2397
2159
9858
8306
6496
9984
1262
3347
8355
1891
6803
4765
6106
9789
4997
4057
5027
8958
5322
4727
5246
6790
9450
6303
8052
8796
1165
5551
2298
1721
4240
5652
6066
5166
4457
6423
6381
6067
1650
1038
4979
5023
3929
8609
8031
3525
8969
5432
4186
4420
8391
3551
4254
9860
8838
6774
1601
8074
7299
8269
6278
3972
9437
6052
6237
4877
9667
5440
8464
8938
8673
8884
9460
1834
9776
5078
9638
9068
9499
3911
8313
9851
7078
1838
9366
6246
4568
8686
7435
6973
4478
3848
3833
9789
4678
6809
2300
7124
4239
6076
2552
7697
3235
5224
1374
3262
6895
4580
3210
1274
7211
1497
2709
8136
2523
2903
3851
1033
1583
6285
2677
4597
2434
6625
5183
7172
1269
1096
8353
8577
9356
6776
9195
2305
5408
7148
8324
9662
4109
7431
1633
2039
1185
1320
3191
5875
8805
4423
8127
4047
4307
7862
6464
2853
9209
3636
5623
1567
4943
3307
9449
5650
4238
5723
5015
2693
9179
5225
4242
3697
3749
7415
6366
2532
4814
3101
4327
1893
5505
1385
8542
7874
7290
7294
6222
3830
3808
6495
8016
8715
6235
4853
4620
6491
7579
3996
8383
7758
6846
1566
4440
3323
4983
3144
5441
5909
1819
2036
8429
6591
6879
7520
2952
4972
8498
8163
7499
9924
7467
3185
2760
4986
1645
2876
5694
5068
7595
7232
5910
5294
6738
2254
5357
3006
4732
2943
7678
9708
1751
7910
7858
3900
1231
6245
6856
9478
8545
6983
2292
6746
3502
6980
4061
6801
9579
7662
7321
2722
1965
3243
3840
7650
5059
6449
7546
4816
2659
4678
4533
2442
4730
3726
5269
4061
4677
7823
5072
3075
1995
8651
2436
9202
4467
4405
7202
2261
1871
7856
8544
6788
4821
9570
6207
7821
8231
2145
2853
5740
7153
9079
3925
1167
1340
8369
1807
4561
7295
6585
7762
7065
8019
4792
7569
9499
4308
8922
9250
1793
6475
6491
3255
8127
8863
4933
3948
5563
8668
4762
3310
9017
6006
1820
9620
5644
5767
6378
1249
1295
2898
9400
6141
3942
3813
6676
2339
6194
6491
6188
4812
9217
7906
1864
9467
1377
5447
7792
6890
8191
1711
7487
9709
3208
8273
1767
9220
8766
9162
6543
1014
7994
9975
6478
5854
2253
8907
1353
1047
5547
2450
6255
6501
7118
7306
8162
7682
4793
6019
3796
5119
1107
5905
3437
9471
3242
8723
2112
1529
7782
7843
5639
1121
9207
3125
9286
6487
8256
7961
2471
4090
5210
5471
1113
1898
2886
1395
9056
9952
9080
4772
5993
1119
4290
1438
5882
7434
1934
7411
7585
4646
8752
6312
2818
8928
7318
3686
6826
4124
9103
3313
8178
6396
3394
4355
4984
9711
3300
2729
6216
6591
6873
6880
9837
4138
5900
5127
7766
9042
2167
6343
3269
1636
4019
5246
6216
9179
4686
3453
3579
1911
2528
6019
3520
6350
4820
8549
4909
2257
8948
2959
6207
5018
9649
1454
2666
5049
8057
7551
5780
7300
3196
9417
1160
4563
6568
6595
4053
2975
2310
2827
1187
9057
1124
3721
5454
1718
6422
8023
4672
5324
8944
7585
6399
9886
9324
7234
5915
1148
4810
4859
3637
9647
3876
5887
2683
9625
3692
1419
1165
1626
3694
9687
1967
7156
9398
4489
8348
8302
4462
3749
7905
6348
9613
7789
9673
1682
1423
6080
6284
3991
5794
6006
6497
7965
3858
1140
5311
8262
6989
1661
5386
1459
4671
6124
8363
4729
3530
7051
1162
8197
3896
6338
9061
8065
7155
4931
3159
2895
7835
1841
6451
9469
3951
4960
5574
5036
6036
1726
5298
2645
4594
4193
1409
5296
5172
8662
9121
3369
4340
7437
1248
5594
4330
6938
5338
9725
8817
7614
9988
9377
1325
6966
3669
3450
9800
8609
3834
2437
7041
6917
9682
4626
7870
1751
4411
5487
2255
8503
6349
3274
8561
5330
5600
1424
2128
8963
2795
7277
9589
1567
7147
5255
7395
1948
8913
5639
2704
3152
7210
9962
8445
5027
7686
7576
8608
9925
1558
4243
1443
7645
1265
9290
5820
6145
3980
1323
9493
9515
3227
6340
4810
6063
4459
5529
8313
8006
5094
5172
6302
4546
7516
3835
8365
7164
4720
2199
4455
4956
5040
1938
9573
5146
3512
4169
9882
5358
9634
6865
8280
4451
9889
7040
1677
9063
2561
9923
1761
9616
9916
5497
2428
2245
8835
9711
6746
4457
9748
9019
1853
7825
4733
4377
1844
2360
1180
9272
1758
8375
5965
1995
2809
3708
2231
7247
6333
4992
3130
5595
6410
1737
8995
6773
9644
4849
3542
9313
1303
9722
4025
8998
9882
9635
2951
1153
6130
2223
8361
1471
6850
9542
5402
8014
7251
9162
3553
7410
5033
5222
4391
7960
2216
3837
7338
1599
4153
2793
9840
4979
3191
8300
5573
7848
9839
2736
4479
1923
8306
2486
4986
4316
9538
3733
4775
7820
7513
1918
8127
3896
9857
3955
4772
3898
9790
3769
6615
1049
4769
6776
8106
3265
3653
2891
7845
6892
3051
3263
9380
7688
7597
6654
6760
3332
4242
7417
3837
4465
6616
4413
3749
5484
9375
1970
6378
9541
8123
1701
1071
3317
6701
1543
5679
9366
6297
8245
9776
9631
9737
9765
6299
7205
5532
1378
6201
9725
2314
8456
4032
8133
4324
9092
7743
4582
7796
7257
3048
6264
5267
5345
6763
7520
9569
3625
9853
3018
2445
2790
7733
3956
4337
4431
6498
3736
8335
3710
4783
5676
1154
1695
1737
1567
6447
3606
1408
2579
3567
6353
8955
4656
1006
4222
8171
7966
3590
7301
3369
8958
8446
8799
7045
2761
7574
1043
8676
4758
7790
8619
8081
3382
3519
6385
7730
5740
1300
4561
5518
6734
8630
4639
8982
4699
3595
8807
2082
6708
2885
9875
5836
9071
4153
1177
2910
1886
6118
8294
6669
2721
2863
9608
1284
1855
5967
1346
4552
9189
1754
1834
8654
6180
4081
9577
6297
6022
7238
6550
6437
4468
9376
7387
9881
9862
6576
1845
4798
3398
7988
7665
2285
9165
6068
3649
2680
5985
8392
3074
3549
1967
1582
3100
4787
2203
2849
7581
7065
2719
4115
1217
4245
8996
8860
7205
6527
6284
1242
5518
9358
9987
6489
4446
4864
7367
5091
5569
3393
2285
5648
3942
3952
7240
1739
2908
4220
5951
4026
3935
5925
8442
6697
5506
2298
8277
5098
1926
1854
9066
3860
1826
9683
8143
6229
2037
9190
4095
6799
9962
2768
6903
4802
4975
1173
3707
2331
7707
6872
1276
8693
1285
8141
2062
2902
4231
1978
4403
5122
3990
8697
6920
8227
3567
3380
7948
3020
5439
4389
8552
8949
8256
6259
1236
9285
7953
6448
5015
7575
6916
1045
4074
7183
2510
5815
5266
1430
4886
5780
1853
6266
3832
3318
6855
7222
9901
9978
2351
5795
4587
4184
1673
4533
4291
9829
9731
9622
8820
7197
5346
8844
3400
6551
4270
5161
1851
3194
9347
8663
6443
6977
8349
1429
7072
3468
9676
9341
7406
2892
3273
7551
2955
2417
1990
4854
3880
5295
1084
4247
8994
7261
3860
8490
8212
1578
9882
2664
4459
2705
9211
3382
7534
2774
8579
9091
6166
7943
2460
4327
9143
2113
7611
3553
3013
7595
6593
4351
1957
2848
1727
2507
4403
1358
6141
1671
7607
3494
4803
3679
2687
4894
2429
2755
2782
3252
5610
6007
2445
5656
5183
1590
6875
9817
3496
4310
1653
6784
5378
1525
7176
1469
9689
1756
1441
3516
8247
1950
3903
4776
5844
8905
4162
8170
3990
7351
1709
7760
2545
9140
6394
3805
8586
9946
9174
2511
5793
3938
2630
9578
4046
5573
1241
3877
2293
1422
6957
4228
4014
1687
3958
3035
5715
1266
4694
8982
2836
8992
3501
3400
9668
8521
3416
7451
3157
5675
4992
4087
1203
2563
3418
2562
3061
8637
2924
3996
6008
2854
5278
9565
5316
1692
6002
2106
7025
5091
7348
1802
3598
7349
5288
2120
9529
9683
1855
4495
1424
1817
4327
4385
8001
1360
3267
9759
1167
1361
1565
5277
7759
3474
7027
1994
2302
5254
7671
2242
5518
5882
7434
7274
9367
1880
7506
2629
5490
7921
8437
5094
5798
8699
4668
4963
2427
5729
9373
9225
3176
2663
2501
2903
3653
7151
7386
6106
1498
3532
7580
4877
8339
1364
7671
9854
1780
9235
6105
9544
3347
3382
5828
3573
5897
2561
9902
8618
4729
7121
7790
4517
3467
4462
9327
2796
8629
7186
5162
9752
5831
7623
7410
2696
4131
9405
4884
9786
8463
9197
5331
6142
5977
8717
4923
5272
6337
2512
8170
8935
1395
4373
2352
3500
9248
9830
5354
2588
2839
7292
6865
2887
2267
7247
7631
9741
3025
6873
2411
4860
7797
9697
9121
4208
9928
3355
9265
2313
8294
5099
9510
3593
7836
3324
6617
8594
5729
7357
8212
6439
1942
1469
8065
5698
5019
3217
1180
5714
8363
6163
7484
4599
1972
1404
7755
7507
1932
1080
3857
5937
7624
9576
2750
4541
2502
2746
4438
9509
3247
5204
2993
1340
2316
6239
5619
7117
5997
2924
5576
3216
7875
4391
7969
4223
7831
1480
7753
6902
8895
6652
6332
7786
5856
3066
6939
7811
7849
9202
7529
7587
5349
9090
6372
3476
9811
9437
4305
7731
5260
4695
4972
3303
1996
9294
4517
8134
7371
5534
4685
1313
5172
6092
1823
2538
4341
8987
4000
8301
4509
7523
2467
8838
9211
7352
3128
6841
4700
7131
9359
2080
5007
1038
9704
2617
4416
1967
4757
8887
4318
5472
3389
6546
5856
7586
7630
3169
3844
1020
9316
8980
7356
7219
8280
9665
2416
7227
2857
8683
5495
8060
7837
2770
3595
6809
5324
2725
8481
8433
5838
7402
3594
9885
2377
5989
8424
1352
2591
7711
5811
9001
9946
7962
2546
6545
7991
1154
2447
1941
9476
2830
9956
2723
1617
5261
3189
9474
5152
1410
8737
3525
1397
1891
3497
2975
8989
2600
5888
7500
4644
6554
3866
1293
5136
3935
9219
5162
6929
1560
3222
5648
5090
9659
6758
4686
2579
3075
1082
7631
4409
3680
3153
5218
5778
2716
5007
6928
7149
2092
8876
3997
2474
5886
5580
2978
5071
4043
4678
6875
6866
1025
7073
7145
2032
3551
9406
2893
3610
4978
6523
3038
9402
8590
3271
5667
9861
2170
1458
3120
9057
5703
9362
9841
7764
7380
5117
4698
3313
9594
8618
7427
4380
3683
6471
2965
8711
8816
8010
4079
4998
5865
5431
2793
8188
2536
6312
6057
3948
2896
1163
4729
6198
2769
8066
7521
4403
9752
8420
4347
3061
7794
5025
9635
1552
4640
6542
8301
2738
7859
2956
3655
3279
4893
3130
8433
1846
7432
6261
9572
6395
7576
1783
5344
1846
5313
6284
9077
4639
1460
1882
1314
6565
9190
2828
7709
7762
5360
9348
1619
7857
8044
5085
8255
7856
7133
5859
2687
6058
1908
3078
3363
4008
3880
4433
8356
2809
4466
9917
7398
8144
7477
5528
4229
2964
7742
6700
8980
2570
2908
2742
1977
8821
7693
2228
5781
3705
2290
5949
7087
5730
7860
2703
4902
2466
4341
8648
9327
3414
1744
4207
8111
8867
3524
6970
9396
3637
7414
9937
5057
2595
8035
1681
4630
6068
4784
9511
8754
6164
4371
9958
2238
7555
9375
7910
7782
6140
6778
3116
6191
4255
8169
2529
7288
2819
3803
8204
4548
1199
8560
7575
3591
7101
9786
5724
2999
7554
1512
3138
5256
9691
3075
4425
4953
4219
1134
6364
1519
2532
2905
1131
4232
9140
2386
9893
4613
2476
4300
1759
5051
2548
6996
9169
3161
8643
4041
7954
7370
3563
3031
8547
7904
8512
1312
8112
9990
9749
9803
6428
6645
3175
7436
6621
8736
5291
8312
3105
8011
1413
8395
1876
7753
9003
4895
5881
4177
6244
3364
5778
6769
7473
3864
1602
1174
2394
4984
4977
5418
8672
2451
8314
6637
4380
2642
7540
8841
9576
5770
1423
1793
4434
6063
1306
7026
2132
1986
3272
1393
2419
2319
2826
7614
2370
3132
9913
8631
7573
6574
7065
1034
6199
1135
9027
7582
4573
5993
8752
5617
2812
9077
9078
2756
6931
5924
1467
7164
5206
6943
4618
1078
4531
9713
2371
4984
3172
9343
9865
8497
7553
8211
4819
5104
2286
8738
5750
3275
8248
1043
1258
2283
2424
1801
6533
3017
8230
7831
3844
9231
9339
2301
3526
8190
1253
7811
7957
1846
6235
7214
7950
7231
9957
7993
8903
7771
5785
9107
7007
8438
3237
4364
9424
6091
4633
8797
5523
1783
5194
5438
3717
2113
2239
4854
5273
3843
1664
2848
9792
3530
7307
9032
7697
3663
9822
7846
7930
4416
2507
6179
6435
1113
9657
4023
8887
3615
5184
5738
7223
6280
6322
6940
7108
7149
4222
3072
6636
4872
6764
7037
3606
5722
9864
1736
4795
1820
7907
1466
4717
5256
2500
4559
2737
8291
1536
9156
1508
3685
2980
1578
4364
3822
3359
6259
4422
1652
8658
6052
1214
4976
3590
4605
4845
3334
4750
6530
6137
1247
3127
2762
8256
7064
9112
5127
6872
6720
9349
6629
9156
5222
3549
9556
8504
7618
4860
4191
1098
8336
1877
3045
9969
1093
3456
6045
1039
8985
4463
4468
7847
3860
1694
7910
3127
1508
8388
1559
9654
5101
6610
2569
7628
7506
2544
3638
6062
3653
8785
2048
4999
7868
4310
4094
8859
5048
4219
8185
7862
8077
8482
1519
6590
4806
6203
3391
7273
6695
1781
8413
2116
5225
3429
3703
1589
9068
7154
1485
1929
8035
9043
2746
8703
4657
2242
7283
5466
2050
1931
3730
5539
1985
8607
1905
8060
5898
4419
8112
4418
5768
7317
8178
2372
7268
5341
9515
6188
4435
7879
3348
2222
6138
9340
6942
6366
4314
2674
6998
1772
9061
3441
5776
4913
7724
8424
4526
7513
4849
4401
2081
1708
2739
6980
6040
1998
7145
8917
4296
6510
1490
8933
1775
6578
6498
9520
4281
6959
6591
8605
1434
6360
8355
6831
5363
5951
4429
7489
2819
9126
3208
3952
2296
9102
3007
8241
8912
5699
7285
9903
6298
3966
1288
2270
1725
7009
9114
1693
5911
4709
8929
9241
4701
5603
1837
7198
3228
1029
9012
5480
5129
6382
5061
9574
4028
1976
2595
7066
1069
4678
8182
3838
9969
7806
2520
2379
5392
4025
5996
5169
1067
6645
9699
6454
9349
7577
2105
4044
5902
9264
7009
4995
4713
8517
1499
2200
6529
1370
1539
3213
3708
2895
9467
1155
3944
4339
1503
1733
7922
4711
8780
8803
9457
1735
6319
5644
4202
5299
1820
5851
1678
7062
5867
4315
5270
9480
3536
6139
7382
5771
4249
3687
3898
8172
4566
6335
9198
8986
3838
7043
6837
1773
5255
3145
6036
8468
2979
7124
5463
3786
3922
9701
3769
4665
5185
6101
5048
9845
6781
9232
9715
8195
6709
8017
5985
3714
1307
3197
3606
2500
6843
8644
6085
2427
5828
1635
2649
7776
9551
1518
3256
3195
7252
6654
6345
3688
1388
4879
2415
8763
5202
8369
3661
2515
9992
5776
7696
3151
7948
2352
6323
8487
9294
7566
6880
2320
7337
3604
1630
9995
8797
3032
8819
1165
7591
7283
9907
8823
6552
5023
3836
6516
2772
6058
9574
6970
2976
8371
3299
4256
9389
1611
3495
8282
5925
7213
3817
5091
6343
5139
1289
7320
8381
9827
1277
6821
2648
8113
5663
4621
5083
3680
2142
6816
9490
6404
9311
7840
7214
7557
4326
1358
5107
7736
3350
5397
3612
2649
6276
8661
8012
4287
5303
9604
7785
9358
6275
2407
1614
5174
6814
8266
2577
6800
7246
7677
6185
4864
6881
5416
2785
8156
1812
1466
1217
1994
9395
3136
5666
5694
3990
7648
9171
9861
7193
4021
4906
3794
6082
4713
3109
8901
1253
5631
6745
1168
7764
2364
8948
3049
6317
3353
3568
6300
3347
1505
9723
6437
2533
4254
6372
5229
2181
9184
4918
1089
7335
4313
3251
6809
2683
6632
9671
9358
4398
6266
3998
3660
3773
5481
6559
1747
7836
2773
2979
3172
5793
1054
2298
3170
9440
5498
2069
2959
8246
1791
7683
3056
1508
5359
1327
2800
3755
9097
2910
7735
6706
3699
2232
8244
6274
1908
1667
1714
9216
8460
3975
6951
5209
5800
4742
9544
4463
9211
1986
1346
4721
7733
8071
2906
8697
1890
7599
2655
6538
7897
6691
8830
1389
2771
8523
7050
8379
7623
9189
7395
3117
2566
3710
3991
1608
6847
5630
9015
3095
7257
1188
3613
2708
1537
6615
3618
6751
1066
8446
1394
7121
5686
1355
7897
6812
1019
7544
7834
1176
2936
7413
9789
3923
7510
8128
4889
9184
3899
9184
5237
8645
9767
9080
7388
3902
6814
8158
2190
1664
1101
1591
5321
5223
4778
8625
8128
7721
4356
8661
5341
7213
4990
4398
6399
3002
9810
1305
6620
9488
7889
5194
9820
5576
8110
7919
9631
4646
5510
3815
9821
8612
6015
9149
6786
7946
4445
4537
7031
1727
6039
1421
8995
9139
8745
5811
9913
5283
6142
4605
9884
8909
6574
7191
2103
6881
4896
3773
1989
5629
6950
1740
8629
5861
5614
6972
4942
9494
8149
6414
2401
8389
8587
8411
3224
5207
2869
9993
5334
9548
9320
9668
2934
2232
8449
4880
5754
7427
1349
2259
1290
8342
8297
8310
5715
2229
4724
4954
1126
8970
4496
2341
5945
3328
8452
8502
8836
1011
9767
1301
9069
6447
6595
6416
6470
5705
3113
5027
9488
7426
7384
9252
6583
1306
9437
9917
6635
1276
2818
8592
1184
1390
6788
8430
5993
6521
3358
8879
7293
8795
1159
5730
1862
1436
4114
6464
3933
1519
2908
3355
1119
6707
1732
7148
7957
9490
6379
1308
7936
1706
9635
1517
3825
1264
9444
3267
7002
4037
6096
2805
6658
9919
5879
3854
8050
4428
5420
1458
5471
4038
3854
6005
7497
3611
2153
7265
3510
9928
7312
1547
4126
3545
1685
2650
3872
9613
5239
7930
8769
8184
9780
2310
3112
4576
5089
7649
6503
7634
2581
6113
9275
4311
6525
8345
9118
6543
1376
9304
1451
4947
6086
2267
7845
6740
5796
7395
9841
4966
4086
4498
5769
6295
2047
9816
6584
7324
6527
8369
2218
6079
1298
1020
5586
8828
4720
3296
5933
4639
3538
6847
9544
1416
3505
1772
5384
9480
9179
1850
3868
7949
3873
8606
8673
8262
1248
2205
9533
5460
6040
4442
8783
6403
4638
1479
1725
4562
2390
1130
7688
1966
2185
1186
7333
8579
1967
3238
5201
8239
1146
4633
9422
4837
9207
7592
4781
4234
9461
3600
5137
5761
2577
2335
8939
7775
2748
3600
4670
4911
2635
8092
6061
3833
3680
3202
1546
2067
5441
1872
3568
4968
5688
8391
8608
6915
2627
3980
8525
3775
6915
6709
5498
6967
9609
9156
6874
1545
6924
2097
4459
7648
1223
5229
5298
4260
6116
1461
8060
5395
4994
7761
6311
6294
7918
8650
5969
3703
1006
1553
4158
2001
7404
2637
6667
3414
8163
6319
5555
7257
6710
8676
5247
4051
2014
8315
6679
2149
4273
6615
5035
8313
5208
3439
2027
6776
3111
5438
5430
5172
2067
5902
7037
5536
7643
4134
6826
3785
1920
7966
5370
6227
4800
4514
2468
8257
5443
5347
9526
1426
3656
9992
2954
4999
4134
6460
4085
4949
1648
2958
4912
3710
8229
8761
7945
1680
1119
5159
1284
5992
2423
2828
7759
3374
6565
8980
5301
3509
6323
3052
2590
1344
4236
5210
8667
8652
6741
5392
2903
6864
6521
5721
5764
8707
7818
3925
2264
8204
9850
2574
7807
8565
9315
7950
6729
5714
8766
1270
6643
1206
3865
7990
9852
2196
6657
8736
9451
8909
3670
9737
1659
2531
5855
2479
2034
2983
5287
2750
4396
1660
2135
2593
4501
3313
6721
5513
2193
9479
6778
9746
1164
4843
8169
4207
8685
4723
7305
4835
9335
8410
2639
1169
1676
9876
4324
7756
1046
7824
5478
4967
3070
4878
8941
5955
7718
5511
6129
9669
2494
2497
8593
1426
6260
3725
6762
8545
4302
8778
6354
7921
6833
6845
7105
5116
3911
5900
6404
3602
7114
8006
4102
4804
8433
1161
5246
4945
3291
4380
5689
5190
3371
8974
3069
4828
1605
2945
8854
2270
5093
4494
5756
8077
1984
2628
9638
5879
8411
6121
3864
3490
2452
5415
8056
5185
8182
7985
6562
5592
7140
2245
4966
5886
2362
5994
6502
3623
3305
2103
8027
4460
4084
9600
4080
6298
4647
3079
4721
2004
3150
6679
2492
7360
7466
3784
7014
5235
7261
1437
7177
6115
2341
1618
4927
7633
9303
2993
1636
7838
1955
3633
3397
4329
3086
1878
6233
5458
7149
4383
8223
1900
8647
9845
4567
1197
1528
8912
5122
2272
2050
2718
9637
6386
7811
9805
4286
9158
8705
1940
5780
9059
5648
2550
5653
7965
1379
8559
8000
1679
5985
5936
7178
2662
3961
8754
1737
4591
1754
1198
1045
5816
2779
6908
6309
7983
1893
5586
8460
7555
7975
4316
2814
1415
8465
4878
6961
3504
6094
6448
5273
6028
6527
5824
1084
4462
8473
6990
7852
9508
7385
7090
8314
2655
4869
3876
4843
7591
4244
5318
5999
5588
1633
7321
1872
3511
4078
1777
5507
4401
8876
5956
1732
7832
6437
6836
5188
5036
6004
2757
9616
2627
6270
4736
3504
5978
7000
4508
7293
5044
7419
2516
5641
2986
9520
2549
5182
4822
3388
1931
4677
6392
5029
9499
1579
2550
2934
1406
6245
8724
6459
1233
7533
7539
9696
9717
2207
2690
1418
8842
5084
3810
6404
9299
7089
3842
2123
2365
1227
7165
9133
5577
5087
7025
1098
9617
9970
5729
2758
2665
4203
2902
8545
8831
4871
1535
8813
1013
1754
9868
5345
8776
5164
5155
3446
8303
1708
4597
2439
7574
7922
3876
9230
8669
5557
2292
3038
7607
7022
1808
6816
8809
5932
9159
1399
7723
4955
9117
6653
6155
5395
3140
2168
8901
8509
2397
5779
3479
4364
5275
3140
4666
9371
2861
7250
4865
4529
5404
7211
1049
4568
7726
2909
2180
3461
1031
6003
8232
2863
9857
8007
6682
2696
2854
4572
3482
7615
8946
3179
4102
2303
4347
2491
6489
2095
8949
1687
2604
9893
6613
5369
6084
5198
6711
9240
4515
1635
7735
3535
3722
3636
1122
1359
1593
2956
4593
1203
2014
7923
6124
4475
3842
2106
7210
5539
8665
1892
8704
1379
6511
1853
2388
5582
6074
4305
3068
2597
2026
4068
6847
3128
3657
4626
4486
4552
7268
4283
6012
3721
6202
7181
3306
5018
6951
4584
5896
9885
4251
8627
6425
1911
9024
8131
4611
2755
4785
1770
4911
3662
6373
1875
4636
8774
3343
8736
1531
4245
7555
2053
8634
8837
8929
3236
4762
4978
5833
8319
9716
7300
8910
2711
4042
2212
5684
8077
8635
3163
2366
6488
5851
9839
2923
7420
3301
6468
1559
4539
9422
5633
1197
9865
2808
1967
7768
3335
5113
4044
1664
9014
7217
5191
6484
3251
9843
2863
1419
6135
3005
1137
5411
6999
1918
4874
4286
4446
3341
3838
3555
9982
7408
7572
6177
6975
9777
2248
5647
2246
2078
6914
8050
9649
7445
1114
4755
1605
8730
2199
3592
6005
4949
6346
6914
4325
9772
8639
3224
2179
3059
2757
4845
2644
3254
2371
2885
7917
7448
7240
1230
1930
3453
7126
7680
5808
6674
5460
1594
8258
7211
5970
3168
6832
2807
5187
6880
8792
6069
9560
4775
3794
4506
4020
5034
2565
5676
1323
9054
7516
4564
6848
2686
5689
1735
4818
8021
2146
4674
5752
5483
8968
5740
8285
8086
6372
2446
8845
3409
3495
4591
7667
7940
6400
5542
5630
6259
2898
9726
3936
6582
8168
4032
4872
7785
5581
5726
8855
3674
6987
5967
6072
4605
5461
7152
6087
8170
2880
7038
4026
3767
9057
4585
9182
1727
4672
9737
1513
6724
3625
3123
3855
9497
2557
1526
5643
4585
9922
7498
8149
2523
4440
1004
9751
3342
8426
3688
1703
9449
7396
6124
6271
7250
3735
8405
9453
9084
2017
1078
6217
7239
7838
9771
7898
1617
2248
8993
6019
2944
5010
9621
1008
9875
5892
3185
7290
7581
9704
2200
5671
8828
7642
2799
1298
2914
7887
9271
3769
8579
9852
9514
9492
1802
5604
7358
1236
1266
8539
6769
5001
1817
6201
2362
9812
1328
3694
4350
8233
9913
8589
7809
5114
1457
5946
4120
7812
7270
5526
7393
7090
2949
2911
2843
5631
5174
2117
4974
7221
5832
8640
8106
5289
2180
1603
6111
2752
4291
2032
6402
8066
3179
2313
3130
5893
8344
7924
8873
9609
1767
5442
5250
4857
9138
5680
1663
5787
7441
6730
1825
3585
2460
4226
7180
3717
1101
2805
4597
3770
1225
6807
9246
2624
9142
7228
1117
1127
6614
2633
3687
6469
5444
2109
7399
9148
5692
4832
6860
3657
9482
5227
5031
9123
1001
7415
1323
7034
3311
6203
9815
5402
9203
7251
1848
8946
3273
3958
9420
2911
2279
7822
3444
1054
9550
2622
1992
8186
1291
1837
1136
7041
1478
2859
8931
3751
5893
2271
2315
7364
6579
4201
5530
3034
6303
2285
8474
4967
9342
6503
3954
2146
4047
8593
2124
6903
1728
7656
1080
1901
4898
3738
1829
9236
6462
1082
1411
1424
7553
8477
5600
5128
6786
9311
9937
9033
3671
6002
6903
9528
9291
1766
5782
7566
2424
6590
1459
8596
8307
7247
9905
9787
8331
3439
7991
6028
8939
9610
7749
4839
6537
3472
2216
9748
1677
6773
5112
9948
8329
7207
2255
6767
9684
3101
1049
8917
9898
8868
9953
8913
8936
1301
2760
7086
2291
4055
3744
3161
3073
3170
3359
5876
6645
3105
5607
7996
1235
3995
9293
7497
7099
5299
3182
8874
3899
3099
1984
1315
9025
2787
8850
6595
9095
4639
2858
9424
9966
5226
7525
6457
7839
3854
9155
8131
6051
1208
8346
3297
8968
2137
1046
6222
9894
8953
1651
8257
6793
4100
6393
9411
7856
7087
8806
6831
7721
2787
8571
2654
4121
9185
5942
7763
3536
8689
8653
7131
6169
6249
3389
6902
3584
8214
6756
3371
6794
9245
1490
6100
4893
3741
1375
6244
3467
9775
6402
5952
2046
5591
4720
7666
6538
1359
8352
2703
6376
8579
3833
1134
1685
5627
2646
3725
5038
7909
3214
5534
4296
7378
9693
3673
2526
2527
1251
8744
7886
6052
2391
5604
1918
7440
6315
1945
7226
6884
3158
9201
9502
2464
9915
4840
3328
6771
6113
7020
7423
7811
2894
3085
2205
4062
2081
3738
1861
8687
1787
1654
5675
3609
5125
5176
2626
5570
3760
5066
7114
4116
7611
8291
6806
3665
4520
4023
6921
1515
2427
8495
2408
1162
2332
3755
1185
9945
4722
6857
8005
7681
7011
6105
4537
7817
2828
6387
8942
1812
9532
5422
5280
8183
3608
1613
6546
4100
2083
1356
4426
8163
4721
6674
1464
7834
3156
1433
9718
3934
6454
1351
6744
2569
5179
6524
4338
6104
2222
9706
7440
5087
1702
2279
3873
9026
9188
2116
3877
7535
8695
9603
2594
3388
5384
9813
5660
8812
2118
5146
9105
2316
8406
9550
4948
5469
9414
1602
9103
2161
5734
7271
7058
1943
1206
4844
9391
8018
3339
8328
7971
7232
2354
8394
9590
2824
2705
4849
9067
8299
5677
5029
1224
9141
3411
8343
8312
9614
4424
4514
5906
2181
2660
7168
3436
4306
7136
7159
4913
5137
5966
8917
2496
6422
9279
2760
3163
4514
2251
8561
3625
3035
4097
4243
6747
6370
6561
4182
5860
7836
8370
4119
6652
9189
5035
4468
3533
7527
1375
4507
9656
2643
5145
9809
4606
9011
3140
4952
6471
4678
3636
1000
6436
8840
3656
1758
7317
1691
8304
5500
2326
7583
4667
1627
3821
5933
8615
4381
3693
9988
5390
6303
3119
3688
3232
8375
6450
5129
7468
3889
9791
3154
3595
4574
2159
7105
6640
3080
3119
6776
4039
6289
2302
8756
3032
5217
3449
9244
5743
2122
6046
9328
5772
5979
4201
4558
4414
6930
3870
5966
6913
4261
2725
4875
2120
8797
9476
1235
9400
8620
3636
2948
5361
8693
7361
1456
4588
5633
5900
7979
2206
6714
7153
6226
9825
7008
4293
6480
1827
3284
2067
2416
2392
9413
5248
9399
8207
7981
6210
2189
1303
9693
6152
8793
4542
9725
5972
3074
6905
1118
5209
6701
5975
6296
2392
7145
5832
3851
5662
4372
1064
5068
5254
2072
8692
7046
7402
6911
1013
7842
5423
9837
6068
5415
1306
7677
3730
7419
7724
6517
8572
3784
5810
2031
5157
4115
2403
2745
2223
8000
9294
3704
2075
1564
9952
4204
3491
6544
5599
6522
9797
1987
3108
9172
7376
4965
8182
6276
7519
7294
2553
4748
4830
2819
6545
3667
7439
4878
3247
8006
2010
5407
2246
2385
1132
2775
3822
2293
2285
5422
3124
7910
8670
2138
2679
8514
4837
1369
3143
1219
4591
8916
1716
9103
8737
6001
8309
6782
5828
7524
6187
1949
8506
2987
4429
7742
5851
2908
8854
8659
2852
9050
6632
1760
5752
6582
3168
8620
1792
2708
2883
8929
6092
8422
3838
3603
8047
6950
8720
8117
6014
1588
3846
3692
5639
8952
2582
6127
4755
6425
2803
9758
6943
2392
2121
9099
2148
8371
2646
1088
5707
3107
4378
8877
6754
1420
8619
5434
9282
1555
5894
6158
6958
1142
7906
2215
1279
2035
1753
5881
6623
5926
2357
4301
9476
3782
3218
7739
1248
2508
2203
6728
5767
7574
1991
5652
8408
8368
4723
5482
6165
4643
5283
5384
4896
6399
2325
6642
3194
4557
9816
6018
1560
4175
8952
7388
4881
9948
4226
4466
8266
9220
1361
2875
2468
5999
4914
8205
9741
7941
6436
3911
9083
4319
3299
3132
1415
8339
1894
4061
5149
5850
3244
1399
9789
2808
1936
2775
7236
6272
4155
5004
3951
9333
7684
9159
7096
6167
1988
8681
5600
1885
5543
2766
1600
6702
9136
4145
7735
4971
7521
1405
2776
5441
6389
2179
6604
6831
1624
1303
7551
3919
2402
3084
8853
9578
1772
7471
1120
6859
9219
5894
6075
7192
6532
1807
8711
1403
4453
2031
4346
9408
4706
8771
7099
6420
8140
8625
3698
6965
7085
5798
4980
6391
4615
5790
8508
1669
2651
4299
4978
8038
8430
1680
6160
3993
8752
7894
2039
6298
5834
8204
9486
7913
3136
6279
8796
2438
6756
3343
3363
3453
3046
2003
6114
6322
8149
3209
1757
2882
8893
6062
3189
3976
3640
7853
9593
3807
7279
5644
4070
7177
8426
3208
5103
2825
4399
9790
1445
8071
7828
5700
4267
3978
9433
3085
9537
3076
9489
8579
9151
6772
1763
5506
2263
2862
9339
6993
6261
2584
1185
9564
5580
9570
7072
2237
3224
3300
2780
2366
6089
9309
5380
3833
4216
7178
7930
8762
9525
8180
1629
4458
4661
9996
1411
9300
9036
3091
9287
6750
5840
5298
6384
5068
6046
4487
7117
6565
7254
6456
1361
1760
6795
7710
8480
7176
9179
7221
6944
1464
4301
9994
7975
1578
5819
1771
1938
4809
8384
3710
6891
7013
9745
1449
9740
4572
9594
2275
3190
1098
2502
4557
2364
5341
3548
1578
1555
1431
9004
9013
8622
9053
3015
9710
5548
3567
6413
7067
5968
3057
6599
5261
6619
1993
8404
3839
6563
1387
6047
2346
3635
7457
3252
8329
9705
9962
1715
7840
1883
3225
6668
2436
4244
9806
2209
3889
7355
2049
7182
8300
3193
5022
2401
2199
3415
3262
5758
8541
4214
3663
5754
6210
4357
3266
3215
6609
5701
2476
1293
6424
6199
9900
4068
8067
3753
6678
8731
4178
7700
6417
5998
7138
6456
7135
5372
2888
6517
7500
3791
9615
6014
5156
4993
2489
6869
6618
4392
1092
3201
5612
4244
8979
4524
2156
8862
4073
4665
5679
2518
8602
2650
3837
5378
1468
8311
9455
1524
9150
7547
3993
5274
4106
4183
2544
4551
7748
6604
4218
8101
1154
7816
1960
9135
5054
4514
2280
5007
5507
8172
2201
6541
7433
3531
1047
7641
1992
6054
4674
8279
4256
2368
2346
8420
8019
1655
1077
2095
8442
9352
4232
8496
8493
3862
4790
9058
3644
8283
2358
8973
9497
8450
8550
7790
5846
8382
3564
2147
2377
1503
3961
1912
2712
8753
3776
3209
7922
9793
6218
5855
2348
9472
3337
3486
7304
6515
3189
6089
4383
2574
4960
5363
4741
2264
7947
4928
8859
3016
1602
3103
7595
9125
7899
1697
1151
2454
4766
8968
3451
2585
7942
2608
1476
9778
7521
6049
3346
3148
6183
1783
9722
6713
1649
1293
4451
6958
3476
4640
5038
7209
4872
5760
2727
7943
1413
3856
9788
7622
4569
5018
1770
4187
5406
1397
8747
7843
2041
1129
2449
9672
9977
2968
6024
2809
7139
2769
2728
3005
7709
1487
9972
4343
8198
7459
3117
9331
4674
7086
9436
5644
3227
3887
8789
6202
1445
6121
4960
9373
7841
2625
5539
2955
6183
9728
8841
3341
6853
6894
3658
7038
6978
3415
8144
7777
3502
3426
7588
7267
8327
2052
7278
2439
9679
9727
9102
2416
2847
2985
2790
2491
9949
2445
6142
1124
2097
4901
4936
3058
3514
6963
5563
3276
5393
6295
6833
5890
2540
8758
7108
1152
9075
2521
7161
9869
2095
7515
5099
1800
2426
3962
8347
1776
4302
5867
4018
3604
2595
1371
2105
9812
6174
3575
6371
7800
4331
1517
2226
1830
4917
9114
2628
9735
8548
2529
5305
4081
8876
6288
3285
2052
7005
2146
7664
1587
5315
9847
5258
9480
4874
5337
1593
8906
1568
9349
2048
4413
3710
8805
8396
5488
4504
9679
3730
2979
6900
5563
4892
4001
6714
6220
1792
1237
9364
6564
3365
5124
7745
3951
3553
9376
1454
2251
9893
8331
5483
5524
3940
2805
5657
3341
2701
4612
1348
7211
7434
6456
5663
7728
2484
6359
4547
6771
9969
6433
1840
5086
6949
2618
7461
9360
5924
9678
1313
7909
5142
2790
7960
4842
9391
5936
7898
8191
1221
9187
4982
6441
6676
5661
8701
9576
8012
8229
3923
4242
5257
1496
5402
6948
7700
8163
4756
4299
1813
7268
5151
6921
3267
2514
9221
8845
6614
7822
3313
2734
6371
1371
2804
8729
6874
9289
1890
5910
3570
4565
3795
9368
2637
8568
6877
7999
5059
8943
7187
6582
5180
2423
5097
5478
4264
2447
8149
7202
2449
2132
1078
5981
1946
7462
1608
7098
2651
5344
8527
9980
2114
9247
3720
5748
3068
2541
9429
2956
9454
2784
7217
9258
5394
3828
5519
5031
7354
3590
1997
5248
9049
7595
3475
8849
1163
8791
3912
7643
3934
8345
5959
7465
9959
7669
3444
4537
4647
1154
8164
8020
5336
9537
5874
4046
3316
2945
3628
6175
8664
2424
8527
7577
4493
1897
9579
2438
9275
2244
4961
4898
8220
5599
7631
9242
9240
6794
3875
4997
8967
2247
7826
9826
6244
5388
5252
4996
7400
8659
1330
2666
9549
1821
4751
1961
3776
1405
4655
3770
4575
5535
2310
1999
8262
4886
4215
1092
3741
7653
4767
4978
7935
6636
3879
4582
4158
8470
4466
7990
5567
1956
1128
3384
1133
6379
9909
5841
4278
9838
5172
8036
9828
1924
3235
8105
2182
3476
2563
9159
4212
1093
2251
3988
9357
4164
1372
4476
8394
6711
3288
9101
2250
1428
2707
8956
4463
9289
3556
1010
1296
1567
5314
8831
3269
6177
2772
6142
1498
9433
5714
5475
6402
2661
5986
3444
1305
6290
4671
4357
1780
8475
1675
5315
7000
7248
1324
6182
2005
2294
5288
1959
5254
9112
3543
2143
2997
1762
3546
6018
2735
4635
2415
3740
1556
9443
2778
6408
7545
1109
7611
5227
5581
7080
2753
8637
5201
1316
2996
7901
4032
6126
8279
9687
5218
5414
6374
7881
9163
4664
7276
5033
1979
8779
8951
7354
2055
5699
3415
9073
5180
9598
5609
7897
6689
5336
6159
8695
5932
8907
1779
6939
5720
7725
7038
5386
2931
4156
9162
4633
2420
2770
6616
7065
5955
3332
6249
7701
1316
6837
6773
2983
1077
4291
9631
6572
7294
6314
7840
4439
9270
7747
5971
9447
1123
9067
1527
4016
8750
9273
4986
8080
6294
2746
7849
9407
8347
5733
2670
8658
3699
9686
7014
5143
3353
5085
5309
4540
3665
8531
9371
6701
4453
1480
2401
5738
1834
2353
1124
3662
2013
6944
3757
4331
1187
6608
6743
7244
2615
7205
9961
4235
6022
8855
5485
8403
4631
7417
1253
1400
4406
2693
3154
8717
6319
2270
7596
2572
3640
4898
4069
8534
3401
6888
6136
2591
7980
7123
1397
6726
8798
1875
7709
8068
2543
6867
4400
9955
4647
9690
4039
4116
7268
9076
2927
9191
2274
8959
9851
4349
2168
4944
6094
4977
3876
2948
8137
3783
3073
2090
8058
4678
3399
8239
6650
4685
6008
7201
1100
3049
3099
8220
3672
5549
1290
1907
6417
7335
7375
4084
1357
6072
3591
5440
3625
5664
3528
2887
6639
2603
8526
7561
8487
8062
6550
3560
4036
4118
1858
2131
4435
1465
4360
2673
6303
8675
5182
3626
2889
2309
1590
8679
2744
8649
7430
6782
4499
4906
3838
1636
4770
2411
9161
6545
4856
3016
4945
7652
1654
3605
4312
8499
4191
1953
4394
3507
6321
6040
3200
9135
2653
3248
5079
8628
4608
3248
3135
5411
8258
7132
7282
3957
7736
2258
9877
4253
2416
2171
1294
7514
2290
6547
8162
3967
2058
2424
4014
9028
5000
6464
1925
7050
7860
7597
4484
1623
7302
7606
1959
6511
2782
8782
9599
1313
2049
8924
8555
5583
4042
1279
5738
5644
3134
8367
2592
6907
9567
8209
4831
8724
4358
3151
1874
2342
1737
8030
2161
7817
2247
6966
7851
6711
5690
9575
9075
6214
9895
8692
4883
9394
4549
8358
8129
9470
1216
1665
9902
2402
9898
5706
1528
7682
3740
4489
8082
8041
9811
1185
6012
1040
6315
8726
2719
3210
2677
9697
4666
6181
3713
3811
4930
2569
6977
5633
3356
2052
3467
5952
2922
6958
1874
6373
1368
3537
1985
2638
9928
9669
6844
4054
8102
1283
6033
2530
4396
6902
8756
3398
9308
7076
4859
5199
1968
1401
4783
5522
9071
8908
6503
5361
4489
5534
2486
2957
7274
4668
8905
6477
8837
7392
6321
1189
7437
8992
5630
6857
5189
7232
6517
3336
1388
4568
1072
5406
2416
6778
3938
7778
5432
6256
2852
2147
9862
9744
9142
7096
5814
5427
5862
3960
7343
4602
1555
8558
6765
8866
5824
4437
4481
5990
7158
1361
9375
5205
9585
5212
5753
4174
3239
2969
1738
2184
8717
2308
3514
3243
6256
9163
5488
8210
2135
2313
3329
3606
4238
8626
5236
8425
1155
1614
8460
3948
9502
8132
5849
8162
7910
3407
6356
4727
7249
3382
6144
6068
1178
9218
6575
8152
2602
4002
1826
7759
3093
7318
4107
5449
7962
9243
8973
8065
9044
7716
3075
6207
4015
7722
9692
6404
6177
8412
3178
5494
1290
6296
8628
3732
2030
5597
2263
8300
3344
1677
2389
4560
7722
2831
6043
4359
6380
6606
2619
6053
1407
1114
5832
2696
1303
6794
8477
2769
2356
3767
4503
4264
7183
1062
2385
1938
6220
7830
2862
5602
4559
7440
9573
1292
1236
7697
9770
8989
3842
2651
4406
2907
1001
7595
4560
5379
5120
1135
8303
9175
9374
2524
5196
2474
9334
5079
6460
8992
5782
2683
5844
9552
2205
7013
5316
7353
5151
8012
1064
4362
9494
4146
8899
5612
4093
3348
8916
6390
7491
9710
9156
9534
2479
9156
7081
6936
3804
7785
7933
4646
9652
5925
9580
7865
8061
2132
5487
5204
5943
9369
3607
4854
9523
8760
9825
8028
7015
6362
7775
4251
8699
7366
1477
7321
4871
7199
7940
5918
2245
5919
1495
9567
5948
6870
4151
8908
8102
1735
2721
3596
4847
5502
9825
1015
8005
5327
3440
7976
5610
2142
7176
1944
1734
9169
9885
1802
8906
8938
8639
1484
5421
4352
6044
5761
3307
2720
3676
1436
2818
7161
5847
8261
1861
6953
5551
8197
1804
5331
7047
6573
3045
2801
9991
3088
9987
8936
8163
8483
9868
5174
6741
2334
9797
9083
4654
2553
3221
5768
9833
6774
5760
4581
6865
4504
6126
5412
3988
4615
6028
9231
8989
3466
2488
2553
7142
8457
3887
7918
2609
9678
6934
9071
7629
6640
5921
6306
8284
2235
5015
3058
7510
8847
6037
2432
1625
2672
3093
6167
5245
5281
4316
9119
7777
6449
8303
9936
1527
5013
5743
3781
6496
5396
8115
6122
5150
9055
2191
9559
4987
3652
8977
3634
4276
1715
6076
6590
5172
7053
2996
8917
9466
2275
1131
3944
7446
3344
8985
8421
1331
8783
3256
1490
7630
6143
4176
5076
6843
3149
9898
4876
2909
3140
2977
9066
7151
1206
2689
9157
5686
4796
1697
4750
8624
8466
7865
3913
2304
8905
3169
4673
5327
3074
2226
8966
7129
9480
7495
1555
5647
2205
1397
1723
9072
6958
1739
4425
6878
3454
3156
3146
7139
5304
7841
7345
7781
6020
8782
4615
8666
1862
7872
3266
9384
7952
3566
5758
1167
1878
7516
9670
2460
2129
7944
7514
5735
1192
9103
3074
6364
2552
6534
5713
3421
9859
7126
3370
2488
4997
4611
8201
5331
6427
1140
2820
4506
5417
7391
6602
2354
3658
9880
1088
8480
4501
1503
9230
2132
8747
1825
3812
2462
4368
8017
4965
6939
8619
6666
6846
8792
7365
1329
3625
3813
7645
4349
9995
7268
4418
1769
1359
6206
5347
6150
7607
5375
4189
2324
6650
4040
4159
7781
4991
4637
6782
8434
6706
9577
3559
3192
5642
9287
8086
2186
5744
9608
5504
6314
2230
2612
8281
2172
8314
4386
9206
6941
7421
9517
6991
2696
4129
5848
3076
3919
3948
8040
3460
6995
7370
3490
9612
2485
4034
8678
6076
9683
9621
6695
5578
4584
9888
2333
4849
4003
7667
5663
1374
8398
6683
2419
2757
8129
5243
5176
9973
4812
5622
1013
6283
9631
6284
8701
3800
5881
8800
1605
6450
8627
5780
9135
9024
4434
5913
1720
8682
6698
1457
7401
9611
5344
7081
7835
6614
5845
2853
8717
9678
4472
1110
9515
6972
7509
8866
8949
1671
1175
1452
1062
2240
1421
6124
8535
2764
2081
9639
3910
2257
4913
9866
1665
4944
2387
4985
5875
9488
1897
2764
1686
1651
7621
7210
7331
5511
9459
5796
8729
8790
4059
4876
6381
5822
6375
3309
2049
4576
3839
6797
9727
9654
2293
2507
3874
6687
8850
5615
2977
7459
7087
8751
4729
4266
4392
9344
1052
3664
1073
4312
6002
4535
8824
6880
6307
4680
2904
4852
4460
8460
2216
5366
9241
3702
4997
1271
3503
4741
5725
2425
5333
5854
1420
9157
1626
5646
5231
4872
7796
8025
5381
4756
1153
8680
2695
5136
7160
8806
4815
8402
2796
5221
9565
2797
3833
3041
1747
9613
5925
5159
6361
3796
8556
8343
2316
8077
7912
7693
2505
3138
7848
1675
1401
8731
7361
5511
3390
9015
3919
3327
5723
7483
2761
8890
4439
3891
3053
2741
7494
7843
8860
5846
9508
7570
3784
2510
5598
4892
3511
9250
7065
9778
4377
4297
6660
2842
5406
3612
5001
6228
5857
7147
1512
1378
2171
1616
7840
8395
4802
1342
3377
1227
1614
6455
4153
1564
6970
4635
7345
9703
5563
5547
1931
5597
8211
4255
9582
1395
8193
7011
1660
7542
2865
9881
2770
9156
6696
6854
3175
7459
2068
8040
4285
4556
9245
8637
7110
3932
1165
5168
9285
6743
2553
4473
6417
6437
5356
2132
2164
2717
4827
6443
3026
2825
3809
9073
3520
7268
4922
6057
7140
1014
3386
5621
7561
2512
6059
8570
5223
2444
6470
3170
9645
2657
3102
3246
3705
8765
5020
1858
1159
7277
6374
9296
8010
3693
6078
2754
4175
9641
8866
6522
1749
5453
2694
2009
1712
8354
4685
2147
7452
2755
7523
8052
8502
8168
4274
9110
3126
9754
3773
9112
7224
2705
8055
6934
2396
3554
2873
2697
6391
5769
9220
5876
1064
9409
2068
6034
3116
3370
5863
4840
4241
4239
3296
1505
1947
5215
6301
9693
6929
5309
3304
6908
4330
8183
6940
8099
7135
3520
2844
2416
1254
2978
2805
2927
3934
8287
8231
5305
5426
7111
5333
1114
9127
3332
2712
1944
1475
7412
5870
1184
3581
1792
2138
9726
3905
3404
1925
8369
3750
6373
6607
7836
9162
2167
6677
9689
6027
4076
5011
4355
5023
4588
4908
3096
2219
9208
3837
9834
2099
1123
1723
8189
8716
4763
3539
5497
6068
5662
8292
6802
2979
5808
3044
3842
2402
3452
8192
6754
9146
8558
9600
1761
9085
7952
8072
8615
4204
6589
2516
3586
5943
1950
1733
1113
6190
5842
3359
2296
1177
8923
5676
1539
4305
1626
4396
4421
7232
6073
5851
6298
2514
3904
8502
8926
6989
4139
5192
4699
2790
5002
7378
4590
7193
8568
7637
6395
9770
1590
2433
5535
1145
4310
6644
7564
2754
8919
3000
5083
8965
5721
8739
5523
2160
3868
8379
7803
2922
4297
3368
6144
3832
7135
6929
1069
7073
6492
2441
3691
7221
9179
6043
4481
9794
4496
5555
2605
4366
2574
7059
3648
8551
8427
5809
9889
3686
6043
9159
9072
1280
2193
4522
4995
8212
3955
7030
7037
1042
9283
3523
1014
1716
7254
8202
1598
6198
8233
1816
8537
7914
8366
1843
2501
5997
6709
6685
7602
7206
4565
6451
6532
4265
3026
6305
7043
2188
6633
9198
1261
4137
2334
1538
8063
4429
2973
4980
3050
7481
4158
4858
4653
6798
2969
9248
3667
2292
8534
4713
4621
6466
8683
5682
5238
7286
8214
2067
4250
2356
1951
9869
7058
7695
7539
2938
4059
4903
1753
7452
8096
8199
1718
4322
7387
8155
5879
2207
7232
6994
8023
9509
6737
6529
3099
6006
7741
3927
9817
9168
9882
7025
9143
3947
6885
6933
5491
9614
4759
4271
9555
1294
2193
1306
9873
6806
1053
4823
8017
4917
3325
2676
3661
5510
2023
2895
5274
8270
1672
8014
7342
2087
7873
4881
3749
8843
1049
6561
5708
2788
3347
8475
2456
2114
6003
7814
1478
6010
8548
9386
9727
3351
5555
6154
6720
1783
2958
9099
3688
3601
6276
1382
7809
9713
1601
2845
5983
2216
3479
6329
3643
8976
3460
1843
3601
5336
9447
4337
8037
1612
1381
8861
8448
9582
2976
6228
7379
3684
8549
3708
9158
8106
5942
3749
5506
3316
2064
1747
8794
7524
1178
7665
7293
5529
8459
1212
7966
2950
4271
4953
4589
8713
3349
9794
7004
9719
2542
3941
7083
1795
7506
4051
7498
6885
4453
7698
2136
1011
1061
4492
9367
6774
9940
3276
1544
7294
2616
5166
7477
4503
8644
3765
4393
9962
6022
8615
6554
3847
7375
8603
2663
2139
3140
9373
2906
8130
2672
9010
1876
9289
1884
1898
1595
1218
3912
5872
7683
3814
2305
7468
8135
7033
6293
3298
1555
6601
5150
9001
8711
5894
7920
6088
1624
7566
7859
8620
1438
4067
8856
3701
4239
7042
5316
3416
1226
3946
4275
4958
7686
9238
5147
7873
1683
1519
4427
6512
1514
8523
2969
8833
9165
2869
6057
2559
7182
4005
5662
1593
2581
7940
4637
8742
6649
4761
4451
9539
8205
4060
7962
5195
5633
6387
7112
8033
4577
8534
4818
4608
9186
1852
2609
5811
2186
9437
6372
3526
5779
3467
1955
4549
8754
6254
9631
9760
7235
7201
9686
3100
3987
3416
5539
7702
4985
3233
4668
2599
6502
9636
4082
4308
5936
1679
5478
1765
2292
7746
8456
8930
9292
7391
9863
8712
9857
2851
8060
1706
7263
9506
1147
5920
6828
7026
1142
1836
7290
6519
8792
2180
2999
7067
7231
8922
8784
5601
1506
9133
4994
2735
8219
4696
5040
9875
2371
3999
3009
1665
9453
9968
8261
4001
9564
8053
9199
3711
4101
9601
2156
9648
2934
8963
2236
6037
4523
2604
7432
1893
8680
7145
6459
5971
5525
6305
8067
5102
3156
1202
6437
4784
1476
2678
3778
5752
4253
3751
4960
1399
5068
5153
9299
4461
6285
7253
2835
7966
3195
2499
9848
2750
6169
6335
8498
7637
6762
4395
5956
4482
2107
3543
8365
7416
5999
5234
7418
2414
4236
5053
8018
1284
1423
6733
6276
9695
4309
4975
1370
9525
5983
1712
7993
3699
5617
4464
1408
7112
4808
5037
7386
3957
2815
3240
2549
5714
2010
3528
1777
7324
5128
3086
9716
4079
5047
6932
7368
9835
2657
6126
2981
2843
2265
5465
9033
5331
7801
4958
6602
5188
1640
5044
1266
7108
2022
2587
6524
6371
9095
8360
3198
6584
3283
4684
5637
4107
1669
8284
8895
2508
1184
8517
6498
7751
3278
4334
6019
4944
6333
8130
6712
4385
5811
2358
7506
7084
4925
8514
5276
5937
2186
2451
6411
1686
7546
5786
3790
3890
5211
5547
8552
3642
8302
8576
4981
8737
8433
3323
1372
6174
2869
7510
4145
7274
9667
9440
6313
2609
1619
8466
6385
2767
9288
9560
2585
3759
3537
9003
9516
7431
6091
4523
5146
5028
7451
1121
1814
8524
3387
7023
3342
7955
9794
3736
7375
8161
5245
1334
9846
4983
2642
6941
5281
9772
1971
5967
8304
2852
5278
7029
4125
8352
1198
8357
5749
1143
9168
7863
4623
5681
8643
3573
6303
4347
4180
5773
8479
9585
2650
9508
7423
7431
7660
1031
7510
2647
3230
7855
8655
3134
8437
9734
1781
9647
3144
5166
9776
1765
3902
1892
1008
8092
4679
1352
1513
2024
3523
1274
5270
7248
9086
4901
1164
5763
5501
9144
8147
5848
4923
1645
9692
8330
2058
3137
9198
9248
5699
4878
2021
2262
8164
5496
9951
1828
3227
2394
5838
7220
4310
6125
4353
6728
6161
4209
1369
7079
8068
3829
8378
5016
5410
1501
7966
4028
2521
1296
1030
9739
1347
8176
3293
2211
6673
9500
4959
4230
5127
2161
2922
3784
6186
1903
8960
1638
9374
6350
4871
5041
6778
4639
7401
9562
8322
2231
4921
1452
8528
8356
8519
5006
8863
7128
6674
8593
4208
9306
8042
5138
5898
2758
2120
8150
3454
6809
7964
4402
7938
8933
8701
9525
8886
6857
6562
9385
2207
3393
8043
6804
6630
4449
7463
3828
1316
5168
6720
2167
6595
7766
3715
7587
4478
7023
5562
2844
7565
9626
4848
1666
4009
8710
8586
4416
3307
3764
5549
5725
7085
7901
6384
4539
1645
1121
3809
2536
5889
9933
1220
4054
4597
9247
6205
9979
1766
1884
2473
6847
8639
9347
8110
2785
5048
4946
3599
6707
7219
9950
7552
9475
5117
1266
6050
5463
9806
9469
2023
6118
9714
7283
4302
5782
5838
9258
6052
4371
6519
1236
3313
6662
2192
3189
5200
3590
1921
1811
4617
4369
6403
6761
8266
1228
3827
7168
9591
8613
2353
7491
7792
5202
9532
8352
2831
1754
5834
5305
8975
3326
3782
9591
4474
3720
4363
9873
2722
2918
2786
6792
5804
1065
2259
6868
6619
9411
6249
5125
7871
8007
6879
4563
4242
4635
8481
2122
6081
7272
1435
2691
8210
1972
2349
4293
9613
6546
3843
4638
6357
2933
4881
6792
9873
6709
6825
8809
4544
7290
8625
1116
8550
7998
5422
2512
4121
6805
7309
3508
9045
7585
1223
4723
6347
8563
4310
5111
9008
2097
3312
3278
5558
2105
6387
9266
3304
3736
1271
7131
7421
3216
1888
2102
5637
5630
9560
4954
9862
3781
6783
2316
3008
1741
8163
2763
5131
6224
8105
6261
7833
2593
4404
7305
4663
1119
8316
3306
1467
4114
8000
2976
3389
4283
7899
3609
7437
6253
2274
6928
3707
4943
2311
6817
8338
6936
2295
8007
8661
6367
6470
8791
7906
6399
9332
1054
8035
5754
4887
3738
5470
8853
4587
7324
2706
9165
8884
4552
1324
2535
5319
6615
3284
8781
9797
6116
4892
1312
2831
3017
3122
9984
9373
9841
7774
7164
7148
3451
9781
1100
8862
1805
7504
2770
4277
4928
7474
5973
6684
4063
1917
9964
7648
9021
8045
6189
8314
3678
3360
1764
3409
3209
7451
8585
8811
3221
2292
8190
5857
4342
6419
8711
5253
5891
6691
9127
9600
4078
2146
8268
4506
3975
3836
5771
3315
3853
7149
3057
8468
4120
6113
3633
8743
6577
2697
9282
1326
1048
6057
4389
7890
8624
4538
6749
7743
9462
3049
2734
3935
2019
9235
8213
7437
2457
1122
1377
9657
3619
3541
5655
4914
1441
8817
6744
2456
7637
1354
4750
6636
2338
2844
6610
5891
7031
8424
1669
5591
3411
8734
6433
5328
4821
3597
7747
8718
4633
3402
1629
1674
6376
7323
4771
5970
1110
6974
6512
4275
1617
6328
8193
9529
7117
9437
3684
1044
5629
8333
9298
9724
3924
9665
3566
4439
4101
9942
9197
2202
8513
2407
1430
3271
7573
8811
7926
6951
7371
4241
5206
8555
7920
8108
4338
3828
6629
2555
2845
9550
8842
8482
2526
5958
7575
1291
2917
1224
7994
9306
6296
9856
2247
4251
1294
3360
7979
7026
8619
2101
1674
5915
1596
9787
6369
5673
1171
4876
7203
5849
1971
8014
3222
1984
5879
9793
9969
7790
8242
5926
8991
4599
7187
5500
1218
6973
6984
3067
9719
7391
4989
1287
1737
2130
8202
8001
6006
1777
3934
3741
6695
4646
1886
5615
1625
2183
1097
9478
4496
1090
2137
6184
5475
4719
9128
6402
9001
1182
4344
9501
3822
7262
6915
9976
5395
4651
3131
5466
1582
4813
1002
3311
4976
5456
2549
7708
5177
9104
3478
6148
7312
4970
3188
8346
4227
3480
2120
1989
9351
8968
7402
5329
7434
7910
6288
2778
6124
5779
5236
7305
1625
6878
7073
5481
7615
8391
8758
1939
8875
4648
5439
4423
3725
7511
9225
4583
3311
2391
4716
3903
4161
1224
5664
7465
1820
7480
5650
1291
7172
9262
4051
9951
7112
3326
6320
7016
1526
3465
5627
2451
4594
6292
9693
3096
1744
7504
2339
6996
7049
6313
6406
8554
5461
6546
2703
3427
7415
3640
6343
9984
9857
3771
6419
5666
3164
3004
1510
2028
4766
2317
2658
5975
1692
5302
3639
2908
3227
3114
3845
2754
5805
6607
8926
6028
8673
1010
1969
5398
6216
5234
4435
8087
2428
1019
5305
2035
2551
2647
8382
8619
7914
6124
6320
1896
9027
5984
6231
6146
3590
7624
4964
3362
5470
2882
1595
2316
1628
5814
5238
1003
4144
4725
7777
9330
2452
4511
5036
7105
7113
3642
3390
3537
9221
4342
2785
1766
9327
5170
5684
8708
1877
8833
8205
1066
7519
8397
7248
6723
7368
9993
1149
8378
8462
9075
8648
5045
2998
9689
7801
2599
3307
6593
4772
9752
1135
9740
5617
3755
4959
4919
2437
2031
8699
4518
1112
8179
9674
6444
7374
3376
5887
5095
8340
9707
5358
8156
6172
5691
6019
1237
8016
6200
5417
3683
8452
1167
8945
9080
2894
8988
9018
5651
3438
8685
1021
9508
7128
9357
9636
4689
7219
1305
8661
8560
3094
1038
4443
3190
5598
6967
8692
1917
1663
3962
2569
3671
1090
9333
4660
3948
5276
4779
7357
9757
4269
4832
9898
1875
4782
9793
8082
2710
5378
9344
1811
3946
6857
6920
2763
4246
9931
7244
8836
4021
3789
7850
4439
5706
2721
2161
6932
3710
8224
3025
7545
1898
4189
5143
7067
6368
5736
6859
8382
5831
9908
5276
8707
4242
1250
7770
5596
2858
2407
4104
4290
7382
6654
5125
1943
3380
5744
4884
4251
3238
4904
4534
1117
3111
4679
7498
4610
5985
8118
5850
7355
1880
3405
7877
6272
7803
3564
1695
6486
3121
5310
9861
2874
7139
2154
1684
3652
2186
1631
9078
7714
8372
5312
4476
7198
2423
1274
6960
1941
1430
8779
3145
6504
6805
1319
6599
7413
8832
6921
2005
9085
7074
3172
5971
8871
3265
9975
6019
7776
2795
6698
3797
4765
9893
9688
7914
7407
3068
8165
2239
5449
2323
5955
7097
9702
3765
9021
5156
7738
1273
2298
2380
3114
8674
3380
3226
4241
9721
2135
7866
7946
1691
1008
5204
9376
5711
4335
2676
6285
3909
3466
2644
8982
2503
7439
1518
4182
3029
6874
7192
6575
1766
1372
6588
6118
8589
1568
2098
6209
7180
7183
8049
6674
6083
1161
4767
6496
9001
4989
6509
4531
2384
7011
3152
6378
2966
9491
1805
4206
7970
6097
2073
1190
3280
4652
4709
8353
7925
7948
1499
7393
8021
6710
5681
4959
5337
8456
5340
2149
3624
5054
3983
3017
1117
3861
9173
7771
3697
3943
1068
5715
7814
2753
8307
5981
1917
9530
1800
3728
7581
3321
7250
7133
7894
3437
5221
6777
6737
4736
9165
4754
2028
6618
3534
6027
8044
4769
8438
9253
4102
4028
7141
6748
7588
9886
3009
6551
4956
8245
1700
7836
3253
5662
3282
7113
4299
5310
1409
6441
1325
1016
6057
1989
7056
5152
1700
4535
7410
7316
3642
5710
1486
1980
5639
6200
4826
9982
4838
7144
1543
3450
5995
8495
6448
4083
8143
7253
5249
2336
7778
3954
1387
5325
9513
4834
8437
1858
6951
3081
7211
5459
3464
7652
8542
8073
5749
1417
4364
1550
8041
2099
8270
6178
3852
3902
5867
7931
2885
9632
4901
6199
5956
1279
2385
9371
2414
7864
3198
6892
5372
2511
9181
8708
7688
5882
9331
4809
4551
7699
1561
4744
9039
7802
7774
3907
8380
1946
3478
2606
2015
2912
2006
1611
4616
1622
3897
9652
4063
6607
1026
2135
8160
2246
7016
7284
9133
4204
4440
5128
4630
9789
6890
1206
1636
2278
2408
6226
1327
4329
8780
1771
5336
9626
8208
8139
5946
6484
9718
9702
1932
9411
6910
9426
4879
4546
2250
1731
9207
9084
5486
1453
5845
2217
9375
9967
4972
8067
9770
1654
3485
3914
3688
3781
1131
2034
3403
8182
9802
5622
8977
5111
7193
9998
1784
1804